32
25
22
31
19
25
27
27
28
33
26
31
29
24
21
27
22
22
27
22
25
28
18
22
20
24
29
26
20
22
23
23
33
27
20
28
32
21
34
18
23
23
22
27
39
29
28
20
26
33
25
26
32
19
18
22
26
23
30
19
21
21
24
27
30
18
29
21
35
26
26
27
33
24
28
19
20
30
18
27
32
21
26
19
34
22
30
24
18
30
23
32
25
30
35
20
27
23
22
24
28
24
25
22
23
32
28
24
29
20
22
20
21
26
24
24
24
18
29
20
29
26
29
32
20
30
21
20
30
32
23
33
26
20
19
27
30
21
24
25
23
29
28
34
32
38
22
20
23
24
28
31
30
21
33
26
31
19
22
33
24
28
31
22
18
26
23
17
19
24
25
31
29
30
20
30
24
29
24
24
24
30
27
30
31
27
36
29
27
29
24
26
28
27
29
26
22
28
22
27
32
32
35
30
22
24
25
24
31
23
26
26
22
18
24
25
19
32
35
24
25
19
25
17
24
21
32
26
35
25
25
21
23
25
25
28
21
25
23
26
23
21
25
22
27
30
26
20
23
32
20
19
18
24
25
22
26
27
20
23
26
20
21
28
25
21
24
26
31
29
17
25
26
30
29
24
23
29
27
24
19
30
24
18
22
29
27
31
18
21
28
29
22
25
26
23
25
22
19
19
32
28
28
28
25
21
22
21
22
21
29
30
20
23
24
24
31
29
21
28
31
24
20
24
20
38
28
21
25
26
26
31
19
26
36
19
26
26
31
26
29
36
25
25
25
21
22
25
32
33
20
17
31
27
19
24
19
25
25
28
27
17
22
31
29
23
23
34
19
26
23
23
29
25
29
30
29
21
30
34
22
38
24
21
21
34
31
23
31
22
26
28
29
21
24
30
22
21
33
22
27
23
32
30
26
28
32
29
35
34
24
35
22
24
30
26
29
33
18
31
29
24
27
33
30
37
23
27
29
28
28
29
28
30
31
26
22